315
1058
1088
1098
1075
1085
1072
1083
32
1089
1080
32
1085
1072
32
1088
1072
1079
1093
1086
1076
1082
1072
32
1080
1079
32
1075
1086
1088
1072
1090
1072
44
32
1082
1086
1075
1072
1090
1086
32
1089
1077
32
1079
1072
1075
1091
1073
1074
1072
1096
32
33
13
10
1042
1077
1095
1077
32
1087
1072
1076
1072
32
1079
1076
1088
1072
1095
32
1080
32
1080
1079
1074
1077
1076
1085
1098
1078
32
1086
1090
32
1079
1077
1084
1103
1090
1072
32
1079
1072
1087
1086
1095
1074
1072
1090
32
1076
1072
32
13
10
1080
1079
1083
1080
1079
1072
1090
32
1075
1083
1072
1076
1085
1080
32
1079
1086
1084
1073
1080
1090
1072
46
32
1044
1086
1073
1088
1077
44
32
1095
1077
32
1089
1080
32
1085
1086
1089
1080
1096
32
1087
1080
1089
1090
1086
1083
1077
1090
1072
46
13
10
1057
1090
1088
1077
1083
1103
1096
32
1072
1074
1090
1086
1084
1072
1090
1080
1095
1085
1086
32
1080
32
1089
1077
32
1076
1074
1080
1078
1080
1096
32
1089
32
1083
1077
1074
1080
1103
32
1073
1091
1090
1086
1085
32
1085
1072
32
13
10
1084
1080
1096
1082
1072
1090
1072
44
32
1072
32
1089
32
1076
1077
1089
1085
1080
1103
32
1084
1086
1078
1077
1096
32
1076
1072
32
1089
1087
1088
1077
1096
46
32
13
10
1040
1082
1086
32
1086
1094
1077
1083
1077
1077
1096
44
32
1076
1086
1082
1072
1090
1086
32
1076
1086
1081
1076
1077
32
1087
1086
1084
1086
1097
32
1097
1077
32
1084
1080
1085
1077
1096
32
1085
1072
32
1089
1083
1077
1076
1074
1072
1097
1086
13
10
1085
1080
1074
1086
32
33
13
10
13
10
0
